airflow/mnt/dags/weather_data_2024-03-09T02:00:00+00:00.json
airflow/mnt/dags/weather_data_2024-03-09T02:49:14.410332+00:00.json
airflow/mnt/dags/weather_data_2024-03-09T02:50:51.175523+00:00.json
airflow/mnt/dags/weather_data_2024-03-09T03:00:00+00:00.json
airflow/mnt/dags/weather_data_2024-03-09T04:00:00+00:00.json
airflow/mnt/dags/weather_data_2024-03-09T05:00:00+00:00.json
airflow/mnt/dags/weather_data_2024-03-16T01:00:00+00:00.json
airflow/mnt/dags/weather_data_2024-03-16T02:00:00+00:00.json
airflow/mnt/dags/weather_data_2024-03-16T03:00:00+00:00.json
airflow/mnt/dags/weather_data_2024-03-16T04:00:00+00:00.json
airflow/mnt/dags/weather_data_2024-03-16T04:17:42.707817+00:00.json
airflow/mnt/dags/weather_data_2024-03-16T04:17:47.765833+00:00.json
airflow/mnt/dags/weather_data_2024-03-16T05:00:00+00:00.json
airflow/mnt/dags/weather_data_2024-03-18T01:00:00+00:00.json
airflow/mnt/dags/weather_data2024-02-03T03:00:00+00:00.json
airflow/mnt/dags/weather_data2024-02-03T04:00:00+00:00.json
airflow/mnt/dags/weather_data2024-02-03T05:00:00+00:00.json
airflow/mnt/dags/weather_data2024-02-09T00:00:00+00:00.json
airflow/mnt/dags/weather_data2024-02-09T01:00:00+00:00.json
airflow/mnt/dags/weather_data2024-02-09T02:00:00+00:00.json
airflow/mnt/dags/weather_data2024-02-09T03:00:00+00:00.json
airflow/mnt/dags/weather_data2024-02-09T04:00:00+00:00.json
airflow/mnt/dags/weather_data2024-02-09T05:00:00+00:00.json
airflow/mnt/dags/weather_data2024-02-09T06:00:00+00:00.json
airflow/mnt/dags/weather_data2024-02-09T07:00:00+00:00.json
airflow/mnt/dags/weather_data2024-02-09T08:00:00+00:00.json
airflow/mnt/dags/weather_data2024-02-09T09:00:00+00:00.json
airflow/mnt/dags/weather_data2024-02-09T10:00:00+00:00.json
airflow/mnt/dags/weather_data2024-02-09T11:00:00+00:00.json
airflow/mnt/dags/weather_data2024-02-09T12:00:00+00:00.json
airflow/mnt/dags/weather_data2024-02-09T13:00:00+00:00.json
airflow/mnt/dags/weather_data2024-02-09T14:00:00+00:00.json
airflow/mnt/dags/weather_data2024-02-09T15:00:00+00:00.json
airflow/mnt/dags/weather_data2024-02-09T16:00:00+00:00.json
airflow/mnt/dags/weather_data2024-02-09T17:00:00+00:00.json
airflow/mnt/dags/weather_data2024-02-09T18:00:00+00:00.json
airflow/mnt/dags/weather_data2024-02-09T19:00:00+00:00.json
airflow/mnt/dags/weather_data2024-02-09T20:00:00+00:00.json
airflow/mnt/dags/weather_data2024-02-09T21:00:00+00:00.json
airflow/mnt/dags/weather_data2024-02-09T22:00:00+00:00.json
airflow/mnt/dags/weather_data2024-02-09T23:00:00+00:00.json
airflow/mnt/dags/weather_data2024-02-10T00:00:00+00:00.json
airflow/mnt/dags/weather_data2024-02-10T01:00:00+00:00.json
airflow/mnt/dags/weather_data2024-02-10T02:00:00+00:00.json
airflow/mnt/dags/weather_data2024-02-10T04:00:00+00:00.json
airflow/mnt/dags/weather_data2024-02-10T04:21:24.912440+00:00.json
airflow/mnt/dags/weather_data2024-02-10T04:59:00.090043+00:00.json
airflow/mnt/dags/weather_data2024-02-10T04:59:19.355475+00:00.json
airflow/mnt/dags/weather_data2024-02-10T05:00:00+00:00.json
airflow/mnt/dags/weather_data2024-03-09T02:44:49.068146+00:00.json
airflow/mnt/dags/weather_data2024-03-09T02:45:42.966461+00:00.json
airflow/mnt/dags/weather_data2024-03-09T02:45:57.382244+00:00.json
airflow/mnt/dags/weather_data_2024-03-18T02:00:00+00:00.json
airflow/mnt/dags/weather_data_2024-03-18T03:00:00+00:00.json
airflow/mnt/dags/weather_data_2024-04-05T05:00:00+00:00.json
